node 874.0458015267176 95.41984732824427 1.9083969465648856 1.9083969465648856
node 874.0458015267176 339.69465648854964 1.9083969465648856 1.9083969465648856
node 599.236641221374 34.35114503816794 1.9083969465648856 1.9083969465648856
node 354.9618320610687 34.35114503816794 1.9083969465648856 1.9083969465648856
node 706.1068702290077 34.35114503816794 1.9083969465648856 1.9083969465648856
node 874.0458015267176 34.35114503816794 1.9083969465648856 1.9083969465648856
node 492.3664122137405 34.35114503816794 1.9083969465648856 1.9083969465648856
node 706.1068702290077 141.22137404580153 1.9083969465648856 1.9083969465648856
node 599.236641221374 141.22137404580153 1.9083969465648856 1.9083969465648856
line 354.9618320610687 34.35114503816794 49.61832061068702 34.35114503816794
line 492.3664122137405 34.35114503816794 354.9618320610687 34.35114503816794
line 599.236641221374 34.35114503816794 492.3664122137405 34.35114503816794
line 706.1068702290077 34.35114503816794 599.236641221374 34.35114503816794
line 751.908396946565 34.35114503816794 706.1068702290077 34.35114503816794
line 874.0458015267176 34.35114503816794 812.9770992366413 34.35114503816794
line 965.6488549618321 34.35114503816794 874.0458015267176 34.35114503816794
line 980.9160305343512 34.35114503816794 965.6488549618321 34.35114503816794
line 492.3664122137405 64.88549618320612 492.3664122137405 34.35114503816794
line 599.236641221374 64.88549618320612 599.236641221374 34.35114503816794
line 706.1068702290077 64.88549618320612 706.1068702290077 34.35114503816794
line 874.0458015267176 95.41984732824427 874.0458015267176 34.35114503816794
line 935.1145038167939 95.41984732824427 874.0458015267176 95.41984732824427
line 980.9160305343512 95.41984732824427 935.1145038167939 95.41984732824427
line 354.9618320610687 125.95419847328245 354.9618320610687 34.35114503816794
line 492.3664122137405 141.22137404580153 492.3664122137405 125.95419847328245
line 599.236641221374 141.22137404580153 599.236641221374 125.95419847328245
line 599.236641221374 141.22137404580153 492.3664122137405 141.22137404580153
line 706.1068702290077 141.22137404580153 706.1068702290077 125.95419847328245
line 706.1068702290077 141.22137404580153 599.236641221374 141.22137404580153
line 874.0458015267176 171.7557251908397 874.0458015267176 95.41984732824427
line 706.1068702290077 187.0229007633588 706.1068702290077 141.22137404580153
line 49.61832061068702 202.29007633587787 49.61832061068702 34.35114503816794
line 706.1068702290077 293.8931297709924 706.1068702290077 263.3587786259542
line 706.1068702290077 293.8931297709924 614.5038167938932 293.8931297709924
line 874.0458015267176 339.69465648854964 874.0458015267176 248.09160305343514
line 874.0458015267176 339.69465648854964 767.175572519084 339.69465648854964
line 874.0458015267176 385.4961832061069 874.0458015267176 339.69465648854964
line 49.61832061068702 431.2977099236641 49.61832061068702 278.62595419847327
line 583.969465648855 431.2977099236641 49.61832061068702 431.2977099236641
line 706.1068702290077 446.5648854961832 706.1068702290077 385.4961832061069
line 706.1068702290077 446.5648854961832 645.0381679389313 446.5648854961832
line 583.969465648855 461.83206106870233 538.1679389312977 461.83206106870233
line 538.1679389312977 492.3664122137405 538.1679389312977 461.83206106870233
line 874.0458015267176 492.3664122137405 874.0458015267176 446.5648854961832
line 583.969465648855 416.03053435114504 645.0381679389313 446.5648854961832
line 583.969465648855 477.0992366412214 645.0381679389313 446.5648854961832
line 583.969465648855 416.03053435114504 583.969465648855 477.0992366412214
line 587.7862595419848 431.2977099236641 595.4198473282443 431.2977099236641
line 587.7862595419848 461.83206106870233 595.4198473282443 461.83206106870233
line 591.6030534351145 465.64885496183206 591.6030534351145 458.01526717557255
line 725.1908396946565 366.412213740458 732.824427480916 374.0458015267176
line 706.1068702290077 385.4961832061069 725.1908396946565 366.412213740458
line 706.1068702290077 385.4961832061069 732.824427480916 374.0458015267176
line 729.0076335877862 370.2290076335878 751.908396946565 354.9618320610687
line 751.908396946565 370.2290076335878 751.908396946565 309.1603053435115
line 751.908396946565 324.42748091603056 706.1068702290077 293.8931297709924
line 751.908396946565 339.69465648854964 767.175572519084 339.69465648854964
line 706.1068702290077 255.72519083969468 706.1068702290077 263.3587786259542
line 690.8396946564885 248.09160305343514 706.1068702290077 255.72519083969468
line 721.3740458015268 232.82442748091603 690.8396946564885 248.09160305343514
line 690.8396946564885 217.55725190839695 721.3740458015268 232.82442748091603
line 721.3740458015268 202.29007633587787 690.8396946564885 217.55725190839695
line 706.1068702290077 187.0229007633588 706.1068702290077 194.65648854961833
line 706.1068702290077 194.65648854961833 721.3740458015268 202.29007633587787
line 690.8396946564885 106.8702290076336 721.3740458015268 106.8702290076336
line 690.8396946564885 83.96946564885496 721.3740458015268 83.96946564885496
line 721.3740458015268 83.96946564885496 706.1068702290077 106.8702290076336
line 690.8396946564885 83.96946564885496 706.1068702290077 106.8702290076336
line 706.1068702290077 64.88549618320612 706.1068702290077 83.96946564885496
line 706.1068702290077 106.8702290076336 706.1068702290077 125.95419847328245
line 583.969465648855 106.8702290076336 614.5038167938932 106.8702290076336
line 583.969465648855 83.96946564885496 614.5038167938932 83.96946564885496
line 614.5038167938932 83.96946564885496 599.236641221374 106.8702290076336
line 583.969465648855 83.96946564885496 599.236641221374 106.8702290076336
line 599.236641221374 64.88549618320612 599.236641221374 83.96946564885496
line 599.236641221374 106.8702290076336 599.236641221374 125.95419847328245
line 477.0992366412214 106.8702290076336 507.63358778625957 106.8702290076336
line 477.0992366412214 83.96946564885496 507.63358778625957 83.96946564885496
line 507.63358778625957 83.96946564885496 492.3664122137405 106.8702290076336
line 477.0992366412214 83.96946564885496 492.3664122137405 106.8702290076336
line 492.3664122137405 64.88549618320612 492.3664122137405 83.96946564885496
line 492.3664122137405 106.8702290076336 492.3664122137405 125.95419847328245
line 41.98473282442748 221.37404580152673 57.25190839694657 221.37404580152673
line 41.98473282442748 259.54198473282446 57.25190839694657 259.54198473282446
line 49.61832061068702 213.7404580152672 49.61832061068702 229.00763358778627
line 49.61832061068702 278.62595419847327 49.61832061068702 270.99236641221376
line 49.61832061068702 202.29007633587787 49.61832061068702 209.9236641221374
line 778.6259541984733 34.35114503816794 751.908396946565 34.35114503816794
line 786.2595419847329 34.35114503816794 812.9770992366413 34.35114503816794
line 786.2595419847329 19.083969465648856 786.2595419847329 49.61832061068702
line 778.6259541984733 19.083969465648856 778.6259541984733 49.61832061068702
line 874.0458015267176 419.8473282442748 874.0458015267176 446.5648854961832
line 874.0458015267176 412.2137404580153 874.0458015267176 385.4961832061069
line 858.7786259541986 412.2137404580153 889.3129770992367 412.2137404580153
line 858.7786259541986 419.8473282442748 889.3129770992367 419.8473282442748
line 874.0458015267176 240.45801526717557 874.0458015267176 248.09160305343514
line 858.7786259541986 232.82442748091603 874.0458015267176 240.45801526717557
line 889.3129770992367 217.55725190839695 858.7786259541986 232.82442748091603
line 858.7786259541986 202.29007633587787 889.3129770992367 217.55725190839695
line 889.3129770992367 187.0229007633588 858.7786259541986 202.29007633587787
line 874.0458015267176 171.7557251908397 874.0458015267176 179.38931297709925
line 874.0458015267176 179.38931297709925 889.3129770992367 187.0229007633588
line 542.9389312977099 524.8091603053435 533.3969465648855 524.8091603053435
line 547.7099236641221 520.9923664122138 528.6259541984733 520.9923664122138
line 523.8549618320611 517.175572519084 552.4809160305343 517.175572519084
line 538.1679389312977 492.3664122137405 538.1679389312977 517.175572519084
line 878.8167938931298 524.8091603053435 869.2748091603054 524.8091603053435
line 883.587786259542 520.9923664122138 864.5038167938932 520.9923664122138
line 859.732824427481 517.175572519084 888.3587786259542 517.175572519084
line 874.0458015267176 492.3664122137405 874.0458015267176 517.175572519084
circle 49.61832061068702 240.45801526717557 30.53435114503817 30.53435114503817
text 965.6488549618321 34.35114503816794 uuCenter 1.9083969465648856 ;OUT
text 935.1145038167939 95.41984732824427 uuCenter 1.9083969465648856 ;SALVAGE
text 354.9618320610687 125.95419847328245 dVRight 1.9083969465648856 ;DOOR
text 614.5038167938932 293.8931297709924 lRight 1.9083969465648856 ;PERCEIVE
text 614.5038167938932 416.03053435114504 Left 1.9083969465648856 ;
text 713.7404580152672 324.42748091603056 Right 1.9083969465648856 ;
text 713.7404580152672 358.7786259541985 Right 1.9083969465648856 ;Q1
text 725.1908396946565 209.9236641221374 Left 1.9083969465648856 ;10k
text 725.1908396946565 244.27480916030535 Left 1.9083969465648856 ;R1
text 713.7404580152672 64.88549618320612 Left 1.9083969465648856 ;
text 713.7404580152672 125.95419847328245 Left 1.9083969465648856 ;D1
text 606.8702290076336 64.88549618320612 Left 1.9083969465648856 ;
text 606.8702290076336 125.95419847328245 Left 1.9083969465648856 ;D2
text 500.0 64.88549618320612 Left 1.9083969465648856 ;
text 500.0 125.95419847328245 Left 1.9083969465648856 ;D3
text 72.51908396946565 202.29007633587787 Left 1.9083969465648856 ;
text 72.51908396946565 278.62595419847327 Left 1.9083969465648856 ;V1
text 805.3435114503817 41.98473282442748 ddddLeft 1.9083969465648856 ;
text 759.5419847328244 41.98473282442748 ddddLeft 1.9083969465648856 ;
text 881.6793893129772 393.12977099236645 Left 1.9083969465648856 ;100n
text 881.6793893129772 438.9312977099237 Left 1.9083969465648856 ;C2
text 893.1297709923664 194.65648854961833 Left 1.9083969465648856 ;10k
text 893.1297709923664 229.00763358778627 Left 1.9083969465648856 ;R2
